2362
2420
2496
2615
2727
2762
2832
2849
2867
2884
2890
2903
2910
2923
3003
3010
3016
3022
3027
3032
3037
3043
3048
3054
3059
3094
3164
3229
3305
3338
3406
3437
3481
3518
3535
3563
3592
3617
3661
3694
3705
3714
4106
4142
4306
4440
4540
4557
4569
4583
4736
4763
4807
4916
4935
4952
4967
4994
5222
5258
5288
5469
5521
5534
5706
5907
6115
6133
6152
6166
6184
6197
6209
6224
6239
6272
6283
6414
6438
6451
6491
6526
6552
6582
6598
6641
6668
6674
6706
6743
6768
6789
6799
6831
6862
6887
6909
6923
6936
6958
7711
7749
7786
8011
8039
8081
8110
8163
8222
8367
8429
8462
8473
8488
9802
9907
9914
9924
9929
9935
9941
9946
6534
6924
6988
7823
1264
1565
1586
1742
1788
2035
2066
2230
2643
2734
2751
2916
2947
3067
3083
3095
3122
3152
3171
3205
3217
3226
3234
3264
3284
3290
3306
3323
3349
3363
3388
3434
3465
3484
3498
3516
3526
3540
3552
3567
3587
3615
3629
3663
3680
3691
3713
4111
4121
4129
4147
4161
4168
4183
4207
4402
4419
4442
4513
4530
4541
4554
4568
4702
4716
4735
4747
4768
4905
4923
4946
4971
4987
5013
5202
5211
5227
5251
5278
5301
5314
5340
5351
5371
5403
5438
5455
5468
5483
5493
5514
5530
5601
5703
5903
6020
6103
6114
6124
6130
6144
6151
6161
6171
6180
6188
6199
6210
6220
6228
6236
6244
6261
6270
6284
6411
6425
6462
6482
6494
6508
6517
6535
6548
6569
6578
6596
6613
6624
6643
6662
6683
6697
6720
6730
6741
6763
6803
6829
6846
6870
6881
6903
6922
6967
6997
7642
7712
7717
7738
7753
7782
8027
8042
8049
8066
8074
8084
8089
8097
8111
8176
8240
8284
8349
8401
8416
8431
8437
8455
8906
8923
8930
8936
9949
1260
1480
2237
2256
2760
3097
3585
3659
4150
4186
4537
4565
4587
4765
5246
5271
6028
6467
6536
6559
6580
6604
6634
6652
6677
6707
6737
6755
6786
6808
6816
6825
6839
6850
6868
6883
6908
6920
6938
6947
6976
6984
6999
7507
7561
7583
7689
7719
7731
7752
7760
7768
7781
7794
7803
7813
7819
7825
7831
7837
7843
7850
7856
7862
7868
7875
7880
7886
7891
7897
8058
8345
