2395
2449
2536
2637
2739
2812
2836
2851
2881
2886
2892
2905
2912
2939
3005
3013
3018
3024
3029
3034
3040
3045
3050
3056
3062
3135
3168
3257
3311
3356
3416
3447
3501
3530
3545
3583
3596
3645
3669
3702
3708
3716
4119
4155
4426
4526
4551
4562
4572
4588
4739
4766
4906
4927
4942
4958
4976
5007
5234
5283
5306
5484
5525
5546
5876
6024
6117
6139
6155
6176
6191
6202
6214
6226
6257
6278
6405
6416
6443
6464
6505
6533
6573
6589
6606
6657
6670
6691
6719
6754
6776
6792
6806
6835
6869
6901
6916
6931
6944
6965
7722
7765
7791
8021
8046
8103
8114
8210
8261
8404
8442
8464
8478
8926
9904
9910
9918
9926
9931
9938
9943
9958
6771
6951
7631
8487
1294
1570
1593
1781
1799
2063
2070
2596
2726
2740
2754
2926
2949
3073
3086
3114
3131
3162
3178
3207
3219
3228
3252
3268
3287
3294
3313
3325
3357
3373
3402
3441
3467
3490
3508
3521
3529
3546
3556
3577
3597
3624
3631
3666
3685
3707
4105
4114
4126
4131
4154
4163
4173
4192
4304
4413
4430
4503
4527
4534
4543
4558
4580
4707
4726
4743
4754
4804
4908
4931
4951
4973
4995
5015
5206
5213
5230
5272
5289
5309
5321
5345
5355
5386
5425
5443
5460
5475
5488
5508
5520
5543
5604
5864
5905
6023
6109
6121
6126
6138
6147
6156
6167
6174
6185
6194
6204
6217
6222
6231
6240
6246
6264
6275
6291
6418
6435
6469
6486
6498
6510
6527
6542
6560
6574
6588
6603
6616
6637
6651
6667
6690
6708
6725
6733
6752
6785
6811
6841
6856
6874
6894
6907
6929
6971
7547
7704
7714
7723
7744
7767
7805
8034
8044
8054
8068
8077
8086
8092
8102
8147
8183
8272
8291
8358
8409
8423
8433
8444
8477
8916
8927
8932
8938
9951
1271
1780
2249
2733
2938
3184
3603
4115
4170
4195
4546
4573
4724
4925
5254
5859
6407
6483
6543
6564
6586
6618
6639
6665
6696
6723
6744
6775
6793
6812
6818
6827
6847
6858
6878
6891
6912
6927
6940
6963
6979
6987
7427
7530
7566
7595
7706
7725
7742
7756
7762
7773
7785
7797
7808
7815
7821
7827
7833
7840
7847
7853
7858
7865
7870
7877
7882
7888
7893
7901
8119
8458
