8064
8066
8067
8068
8069
8071
8074
8076
8077
8080
8083
8084
8085
8086
8087
8088
8089
8091
8092
8093
8096
8097
8099
8102
8107
8109
8111
8121
8147
8155
8171
8176
8182
8183
8227
8234
8240
8255
8272
8277
8279
8284
8289
8291
8299
8342
8349
8354
8358
8383
8390
8401
8403
8409
8410
8415
8416
8421
8423
8424
8426
8431
8432
8433
8435
8436
8437
8440
8444
8446
8450
8455
8472
8477
8489
8905
8906
8908
8916
8917
8921
8923
8924
8927
8928
8929
8930
8931
8932
8933
8935
8936
8937
8938
8941
8942
9949
9950
9951
9960
9962
1260
1269
1271
1293
1343
1480
1594
1780
2071
2072
2237
2245
2249
2252
2255
2256
2644
2733
2741
2758
2760
2761
2938
2940
2942
3097
3117
3184
3473
3485
3585
3595
3603
3616
3633
3659
3678
4115
4117
4132
4150
4169
4170
4172
4178
4186
4194
4195
4197
4431
4537
4544
4546
4553
4559
4565
4570
4573
4575
4582
4587
4589
4724
4732
4738
4765
4773
4925
4980
5240
5246
5248
5254
5262
5267
5271
5297
5859
5863
6027
6028
6035
6407
6428
6434
6467
6473
6483
6493
6518
6536
6539
6543
6549
6555
6559
6563
6564
6565
6572
6580
6583
6586
6595
6599
6604
6610
6618
6621
6622
6634
6638
6639
6648
6650
6652
6659
6665
6673
6676
6677
6682
6696
6704
6705
6707
6709
6723
6729
6734
6737
6738
6744
6748
6750
6755
6758
6775
6780
6784
6786
6787
6793
6797
6798
6808
6810
6812
6814
6815
6816
6817
6818
6819
6820
6825
6826
6827
6832
6833
6839
6842
6847
6848
6849
6850
6857
6858
6864
6867
6868
6876
6878
6879
6882
6883
6886
6891
6892
6898
6908
6911
6912
6915
6917
6920
6926
6927
6932
6935
6938
6939
6940
6945
6946
6947
6959
6963
6972
6973
6976
6977
6979
6980
6983
6984
6986
6987
6990
6995
6999
7419
7427
7443
7455
7507
7516
7530
7551
7558
7561
7562
7566
7575
7578
7583
7590
7595
7607
7669
7689
7702
7706
7707
7710
7719
7724
7725
7726
7729
7731
7737
7742
7745
7748
7752
7754
7756
7758
7759
7760
7761
7762
7763
7764
7768
7772
7773
7776
7779
7781
7783
7785
7789
7790
7794
7796
7797
7798
7801
7803
7806
7808
7811
7812
7813
7814
7815
7816
7818
7819
7820
7821
7822
7824
7825
7826
7827
7828
7829
7831
7832
7833
7834
7836
7837
7839
7840
7841
7842
7843
7846
7847
7848
7849
7850
7851
7853
7854
7855
7856
7857
7858
7860
7861
7862
7863
7865
7866
7867
7868
7869
7870
7871
7872
7875
7876
7877
7878
7879
7880
7881
7882
7883
7885
7886
7887
7888
7889
7890
7891
7892
7893
7895
7896
7897
7899
7901
7902
7904
8058
8098
8119
8298
8329
8345
8359
8458
8999
9957
