2357
2413
2471
2608
2646
2753
2820
2845
2855
2883
2889
2901
2908
2915
3002
3008
3015
3021
3026
3031
3036
3042
3047
3052
3058
3092
3149
3209
3296
3321
3380
3432
3454
3515
3533
3557
3591
3607
3653
3686
3704
3712
4104
4137
4190
4439
4536
4555
4566
4581
4722
4755
4771
4915
4934
4949
4961
4989
5215
5244
5285
5434
5519
5533
5608
5906
6112
6128
6142
6165
6183
6196
6206
6216
6235
6271
6282
6412
6431
6449
6477
6525
6550
6581
6592
6625
6666
6672
6698
6742
6757
6782
6796
6830
6861
6885
6906
6919
6934
6957
7705
7736
7780
7799
8033
8072
8105
8150
8215
8341
8422
8454
8467
8482
8996
9906
9912
9921
9928
9934
9940
9945
4590
6921
6969
7740
1259
1336
1584
1599
1785
1815
2065
2221
2641
2732
2745
2756
2941
3066
3081
3093
3118
3147
3169
3191
3213
3224
3232
3260
3276
3289
3303
3322
3339
3362
3379
3430
3455
3483
3492
3512
3523
3537
3551
3564
3581
3611
3628
3646
3675
3689
3710
4109
4120
4128
4139
4160
4167
4175
4205
4401
4417
4433
4510
4529
4538
4550
4563
4609
4714
4729
4745
4767
4903
4911
4939
4966
4979
5011
5201
5210
5223
5245
5276
5299
5312
5328
5348
5364
5398
5432
5452
5465
5481
5490
5512
5529
5548
5701
5902
6016
6101
6113
6123
6129
6143
6150
6160
6170
6179
6187
6198
6208
6219
6227
6234
6242
6259
6266
6279
6294
6423
6461
6474
6492
6506
6516
6532
6547
6568
6577
6593
6612
6620
6642
6661
6680
6693
6716
6728
6739
6762
6791
6823
6844
6865
6877
6899
6913
6961
6996
7584
7709
7716
7734
7751
7777
8024
8040
8048
8064
8071
8083
8088
8096
8109
8171
8234
8279
8342
8390
8415
8426
8436
8450
8905
8921
8929
8935
8942
9962
1343
2072
2255
2758
2942
3485
3633
4132
4178
4431
4559
4582
4738
5240
5267
6027
6434
6518
6555
6572
6599
6622
6650
6676
6705
6734
6750
6784
6798
6815
6820
6833
6849
6867
6882
6898
6917
6935
6946
6973
6983
6995
7455
7558
7578
7669
7710
7729
7748
7759
7764
7779
7790
7801
7812
7818
7824
7829
7836
7842
7849
7855
7861
7867
7872
7879
7885
7890
7896
7904
8329
9957
