2390
2434
2516
2634
2731
2801
2834
2850
2880
2885
2891
2904
2911
2929
3004
3011
3017
3023
3028
3033
3038
3044
3049
3055
3060
3130
3167
3231
3308
3346
3413
3443
3494
3528
3543
3576
3593
3622
3665
3701
3706
3715
4108
4148
4414
4441
4545
4560
4571
4585
4737
4764
4904
4919
4938
4956
4968
4999
5225
5269
5292
5471
5522
5538
5871
6005
6116
6136
6153
6168
6189
6201
6213
6225
6243
6277
6285
6415
6442
6456
6504
6531
6558
6585
6605
6655
6669
6689
6715
6753
6770
6790
6805
6834
6863
6890
6914
6928
6937
6962
7721
7750
7788
8016
8045
8101
8112
8201
8249
8374
8438
8463
8476
8499
9902
9908
9917
9925
9930
9937
9942
9955
6645
6949
7610
8162
1268
1569
1591
1777
1796
2061
2067
2235
2724
2736
2752
2924
2948
3071
3085
3105
3128
3158
3176
3206
3218
3227
3236
3265
3285
3293
3310
3324
3354
3372
3390
3438
3466
3489
3499
3520
3527
3541
3555
3570
3594
3623
3630
3664
3684
3693
4102
4113
4123
4130
4153
4162
4171
4188
4303
4406
4420
4502
4523
4533
4542
4556
4577
4706
4721
4741
4749
4772
4907
4924
4950
4972
4991
5014
5205
5212
5228
5263
5287
5302
5315
5344
5353
5381
5410
5439
5457
5474
5487
5498
5516
5536
5603
5704
5904
6021
6104
6118
6125
6134
6146
6154
6163
6173
6182
6190
6203
6212
6221
6229
6237
6245
6263
6274
6290
6417
6432
6465
6485
6496
6509
6523
6538
6556
6570
6584
6597
6615
6629
6649
6664
6684
6703
6721
6732
6751
6767
6804
6840
6855
6872
6884
6904
6925
6968
7402
7703
7713
7718
7743
7757
7792
8032
8043
8050
8067
8076
8085
8091
8099
8121
8182
8255
8289
8354
8403
8421
8432
8440
8472
8908
8924
8931
8937
9950
1269
1594
2245
2644
2761
3117
3595
3678
4169
4194
4544
4570
4589
4773
5248
5297
6035
6473
6539
6563
6583
6610
6638
6659
6682
6709
6738
6758
6787
6810
6817
6826
6842
6857
6876
6886
6911
6926
6939
6959
6977
6986
7419
7516
7562
7590
7702
7724
7737
7754
7761
7772
7783
7796
7806
7814
7820
7826
7832
7839
7846
7851
7857
7863
7869
7876
7881
7887
7892
7899
8098
8359
